T32 = Tgas/3d2
invT = 1d0/Tgas
invTgas = 1d0/Tgas
Te = Tgas/11604.52500617
invTe = 11604.52500617/Tgas
lnte = log(Tgas/11604.52500617)
invT32 = 3d2/Tgas
Rgas_kJ = 8.3144621d-3
Rgas_J = 8.3144621d0
boltzmann_eV = 8.617332478d-5
boltzmann_J = 1.380648d-23
boltzmann_erg = 1.380648d-16
