time Tgas rhogas E H- H HE H2 H+ HE+ H2+ HE++
  0.00000000E+000  0.10000000E+004  0.10000000E-012  0.00000000E+000  0.00000000E+000  0.68900000E+000  0.31100000E+000  0.00000000E+000  0.00000000E+000  0.00000000E+000  0.00000000E+000  0.00000000E+000
  0.31536000E+007  0.10000000E+004  0.10000000E-012  0.79403678E-014  0.44571087E-017  0.68887485E+000  0.31100000E+000  0.12514596E-003  0.12986372E-010  0.63740762E-011  0.21641530E-018  0.22520041E-076
  0.63072000E+007  0.10000000E+004  0.10000000E-012  0.15880540E-013  0.89141075E-017  0.68874980E+000  0.31100000E+000  0.25019666E-003  0.25972434E-010  0.12747951E-010  0.43282645E-018  0.12285326E-075
  0.94608000E+007  0.10000000E+004  0.10000000E-012  0.23820516E-013  0.13370997E-016  0.68862478E+000  0.31100000E+000  0.37521513E-003  0.38958180E-010  0.19121657E-010  0.64923333E-018  0.28804590E-075
  0.12614400E+008  0.10000000E+004  0.10000000E-012  0.31759289E-013  0.17827210E-016  0.68849990E+000  0.31100000E+000  0.50009496E-003  0.51941966E-010  0.25494360E-010  0.86560889E-018  0.84038984E-075
  0.15768000E+008  0.10000000E+004  0.10000000E-012  0.39698178E-013  0.22283489E-016  0.68837501E+000  0.31100000E+000  0.62498603E-003  0.64925942E-010  0.31867160E-010  0.10819880E-017  0.13554736E-074
  0.18921600E+008  0.10000000E+004  0.10000000E-012  0.47634643E-013  0.26738406E-016  0.68825029E+000  0.31100000E+000  0.74971214E-003  0.77905955E-010  0.38238002E-010  0.12983029E-017  0.26273643E-074
  0.22075200E+008  0.10000000E+004  0.10000000E-012  0.55571761E-013  0.31193691E-016  0.68812552E+000  0.31100000E+000  0.87447625E-003  0.90887039E-010  0.44609369E-010  0.15146355E-017  0.36963318E-074
  0.25228800E+008  0.10000000E+004  0.10000000E-012  0.63505135E-013  0.35646874E-016  0.68800094E+000  0.31100000E+000  0.99905742E-003  0.10386199E-009  0.50977752E-010  0.17308683E-017  0.59201542E-074
  0.28382400E+008  0.10000000E+004  0.10000000E-012  0.71439803E-013  0.40100783E-016  0.68787631E+000  0.31100000E+000  0.11236948E-002  0.11683906E-009  0.57347163E-010  0.19471360E-017  0.77459051E-074
  0.31536000E+008  0.10000000E+004  0.10000000E-012  0.79369369E-013  0.44551829E-016  0.68775186E+000  0.31100000E+000  0.12481368E-002  0.12980778E-009  0.63712538E-010  0.21632669E-017  0.11135003E-073
 
  0.00000000E+000  0.12000000E+004  0.10000000E-012  0.00000000E+000  0.00000000E+000  0.68900000E+000  0.31100000E+000  0.00000000E+000  0.00000000E+000  0.00000000E+000  0.00000000E+000  0.00000000E+000
  0.31536000E+007  0.12000000E+004  0.10000000E-012  0.79404087E-014  0.55092695E-017  0.68888241E+000  0.31100000E+000  0.11758811E-003  0.12986440E-010  0.63741088E-011  0.30687802E-018  0.11154542E-076
  0.63072000E+007  0.12000000E+004  0.10000000E-012  0.15880670E-013  0.11018437E-016  0.68876489E+000  0.31100000E+000  0.23510981E-003  0.25972647E-010  0.12748066E-010  0.61378555E-018  0.87996846E-076
  0.94608000E+007  0.12000000E+004  0.10000000E-012  0.23820654E-013  0.16527411E-016  0.68864742E+000  0.31100000E+000  0.35258359E-003  0.38958404E-010  0.19121780E-010  0.92071529E-018  0.26988970E-075
  0.12614400E+008  0.12000000E+004  0.10000000E-012  0.31760206E-013  0.22036087E-016  0.68853000E+000  0.31100000E+000  0.47000218E-003  0.51943461E-010  0.25495131E-010  0.12276641E-017  0.60965664E-075
  0.15768000E+008  0.12000000E+004  0.10000000E-012  0.39699164E-013  0.27544350E-016  0.68841264E+000  0.31100000E+000  0.58736255E-003  0.64927550E-010  0.31867989E-010  0.15346248E-017  0.11625661E-074
  0.18921600E+008  0.12000000E+004  0.10000000E-012  0.47637246E-013  0.33052005E-016  0.68829534E+000  0.31100000E+000  0.70465599E-003  0.77910208E-010  0.38240134E-010  0.18415894E-017  0.20251707E-074
  0.22075200E+008  0.12000000E+004  0.10000000E-012  0.55573992E-013  0.38558733E-016  0.68817813E+000  0.31100000E+000  0.82187256E-003  0.90890682E-010  0.44611205E-010  0.21485386E-017  0.33539615E-074
  0.25228800E+008  0.12000000E+004  0.10000000E-012  0.63510104E-013  0.44065021E-016  0.68806094E+000  0.31100000E+000  0.93905597E-003  0.10387012E-009  0.50981769E-010  0.24554871E-017  0.49032743E-074
  0.28382400E+008  0.12000000E+004  0.10000000E-012  0.71444068E-013  0.49569820E-016  0.68794385E+000  0.31100000E+000  0.10561486E-002  0.11684604E-009  0.57350626E-010  0.27624030E-017  0.71943300E-074
  0.31536000E+008  0.12000000E+004  0.10000000E-012  0.79377793E-013  0.55074452E-016  0.68782677E+000  0.31100000E+000  0.11732290E-002  0.12982157E-009  0.63719291E-010  0.30693199E-017  0.95687466E-074
 
  0.00000000E+000  0.14000000E+004  0.10000000E-012  0.00000000E+000  0.00000000E+000  0.68900000E+000  0.31100000E+000  0.00000000E+000  0.00000000E+000  0.00000000E+000  0.00000000E+000  0.00000000E+000
  0.31536000E+007  0.14000000E+004  0.10000000E-012  0.79404121E-014  0.65447996E-017  0.68888840E+000  0.31100000E+000  0.11159573E-003  0.12986474E-010  0.63741118E-011  0.41138968E-018  0.10898629E-076
  0.63072000E+007  0.14000000E+004  0.10000000E-012  0.15880665E-013  0.13089468E-016  0.68877687E+000  0.31100000E+000  0.22313071E-003  0.25972669E-010  0.12748063E-010  0.82323387E-018  0.98490182E-076
  0.94608000E+007  0.14000000E+004  0.10000000E-012  0.23820656E-013  0.19633921E-016  0.68866538E+000  0.31100000E+000  0.33461737E-003  0.38958440E-010  0.19121782E-010  0.12354376E-017  0.29669872E-075
  0.12614400E+008  0.14000000E+004  0.10000000E-012  0.31760063E-013  0.26177892E-016  0.68855396E+000  0.31100000E+000  0.44603961E-003  0.51943262E-010  0.25495012E-010  0.16481148E-017  0.72923582E-075
  0.15768000E+008  0.14000000E+004  0.10000000E-012  0.39699148E-013  0.32721597E-016  0.68844257E+000  0.31100000E+000  0.55743172E-003  0.64927557E-010  0.31867973E-010  0.20610595E-017  0.12896353E-074
  0.18921600E+008  0.14000000E+004  0.10000000E-012  0.47637328E-013  0.39264557E-016  0.68833124E+000  0.31100000E+000  0.66876226E-003  0.77910376E-010  0.38240201E-010  0.24745255E-017  0.22014788E-074
  0.22075200E+008  0.14000000E+004  0.10000000E-012  0.55574809E-013  0.45806941E-016  0.68821995E+000  0.31100000E+000  0.78004977E-003  0.90892053E-010  0.44611863E-010  0.28882494E-017  0.33837485E-074
  0.25228800E+008  0.14000000E+004  0.10000000E-012  0.63510716E-013  0.52348027E-016  0.68810874E+000  0.31100000E+000  0.89126230E-003  0.10387115E-009  0.50982267E-010  0.33025130E-017  0.51690394E-074
  0.28382400E+008  0.14000000E+004  0.10000000E-012  0.71446226E-013  0.58888786E-016  0.68799754E+000  0.31100000E+000  0.10024559E-002  0.11684961E-009  0.57352353E-010  0.37169211E-017  0.71062499E-074
  0.31536000E+008  0.14000000E+004  0.10000000E-012  0.79380424E-013  0.65428464E-016  0.68788640E+000  0.31100000E+000  0.11135974E-002  0.12982591E-009  0.63721398E-010  0.41318169E-017  0.95429935E-074
 
  0.00000000E+000  0.16000000E+004  0.10000000E-012  0.00000000E+000  0.00000000E+000  0.68900000E+000  0.31100000E+000  0.00000000E+000  0.00000000E+000  0.00000000E+000  0.00000000E+000  0.00000000E+000
  0.31536000E+007  0.16000000E+004  0.10000000E-012  0.79404029E-014  0.75462431E-017  0.68889331E+000  0.31100000E+000  0.10668638E-003  0.12986436E-010  0.63741082E-011  0.52977918E-018  0.13718481E-076
  0.63072000E+007  0.16000000E+004  0.10000000E-012  0.15880714E-013  0.15092400E-016  0.68878668E+000  0.31100000E+000  0.21332381E-003  0.25972725E-010  0.12748113E-010  0.10622944E-017  0.81158713E-076
  0.94608000E+007  0.16000000E+004  0.10000000E-012  0.23820769E-013  0.22638312E-016  0.68868009E+000  0.31100000E+000  0.31991261E-003  0.38958600E-010  0.19121887E-010  0.15976677E-017  0.26833691E-075
  0.12614400E+008  0.16000000E+004  0.10000000E-012  0.31760413E-013  0.30183835E-016  0.68857355E+000  0.31100000E+000  0.42645293E-003  0.51943808E-010  0.25495314E-010  0.21358663E-017  0.63647617E-075
  0.15768000E+008  0.16000000E+004  0.10000000E-012  0.39699584E-013  0.37728909E-016  0.68846705E+000  0.31100000E+000  0.53295157E-003  0.64928247E-010  0.31868349E-010  0.26765514E-017  0.12082975E-074
  0.18921600E+008  0.16000000E+004  0.10000000E-012  0.47638103E-013  0.45273363E-016  0.68836060E+000  0.31100000E+000  0.63940394E-003  0.77911619E-010  0.38240851E-010  0.32201060E-017  0.20577938E-074
  0.22075200E+008  0.16000000E+004  0.10000000E-012  0.55575944E-013  0.52817174E-016  0.68825418E+000  0.31100000E+000  0.74581629E-003  0.90893886E-010  0.44612806E-010  0.37661836E-017  0.31924624E-074
  0.25228800E+008  0.16000000E+004  0.10000000E-012  0.63512768E-013  0.60360019E-016  0.68814782E+000  0.31100000E+000  0.85217775E-003  0.10387449E-009  0.50983943E-010  0.43152041E-017  0.47529869E-074
  0.28382400E+008  0.16000000E+004  0.10000000E-012  0.71448532E-013  0.67901855E-016  0.68804151E+000  0.31100000E+000  0.95849325E-003  0.11685336E-009  0.57354235E-010  0.48668384E-017  0.67548918E-074
  0.31536000E+008  0.16000000E+004  0.10000000E-012  0.79383131E-013  0.75442586E-016  0.68793524E+000  0.31100000E+000  0.10647640E-002  0.12983032E-009  0.63723600E-010  0.54211671E-017  0.92397968E-074
 
  0.00000000E+000  0.18000000E+004  0.10000000E-012  0.00000000E+000  0.00000000E+000  0.68900000E+000  0.31100000E+000  0.00000000E+000  0.00000000E+000  0.00000000E+000  0.00000000E+000  0.00000000E+000
  0.31536000E+007  0.18000000E+004  0.10000000E-012  0.79404135E-014  0.85008867E-017  0.68889745E+000  0.31100000E+000  0.10255450E-003  0.12986447E-010  0.63741171E-011  0.66347430E-018  0.98256881E-077
  0.63072000E+007  0.18000000E+004  0.10000000E-012  0.15880747E-013  0.17001694E-016  0.68879493E+000  0.31100000E+000  0.20506765E-003  0.25972771E-010  0.12748143E-010  0.13388236E-017  0.70613091E-076
  0.94608000E+007  0.18000000E+004  0.10000000E-012  0.23820868E-013  0.25502282E-016  0.68869246E+000  0.31100000E+000  0.30753883E-003  0.38958755E-010  0.19121977E-010  0.20258984E-017  0.23927080E-075
  0.12614400E+008  0.18000000E+004  0.10000000E-012  0.31760659E-013  0.34002523E-016  0.68859003E+000  0.31100000E+000  0.40996894E-003  0.51944202E-010  0.25495527E-010  0.27248136E-017  0.56661574E-075
  0.15768000E+008  0.18000000E+004  0.10000000E-012  0.39699996E-013  0.42502285E-016  0.68848764E+000  0.31100000E+000  0.51235792E-003  0.64928911E-010  0.31868699E-010  0.34355640E-017  0.11057564E-074
  0.18921600E+008  0.18000000E+004  0.10000000E-012  0.47638754E-013  0.51001434E-016  0.68838529E+000  0.31100000E+000  0.61470559E-003  0.77912675E-010  0.38241397E-010  0.41581689E-017  0.19112315E-074
  0.22075200E+008  0.18000000E+004  0.10000000E-012  0.55576805E-013  0.59499834E-016  0.68828299E+000  0.31100000E+000  0.71701182E-003  0.90895285E-010  0.44613523E-010  0.48926617E-017  0.30379972E-074
  0.25228800E+008  0.18000000E+004  0.10000000E-012  0.63514003E-013  0.67997328E-016  0.68818072E+000  0.31100000E+000  0.81927579E-003  0.10387650E-009  0.50984963E-010  0.56395499E-017  0.45501139E-074
  0.28382400E+008  0.18000000E+004  0.10000000E-012  0.71450241E-013  0.76493800E-016  0.68807850E+000  0.31100000E+000  0.92149835E-003  0.11685614E-009  0.57355635E-010  0.63977228E-017  0.64934761E-074
  0.31536000E+008  0.18000000E+004  0.10000000E-012  0.79385409E-013  0.84989134E-016  0.68797632E+000  0.31100000E+000  0.10236800E-002  0.12983404E-009  0.63725456E-010  0.71673844E-017  0.89155170E-074
 
  0.00000000E+000  0.20000000E+004  0.10000000E-012  0.00000000E+000  0.00000000E+000  0.68900000E+000  0.31100000E+000  0.00000000E+000  0.00000000E+000  0.00000000E+000  0.00000000E+000  0.00000000E+000
  0.31536000E+007  0.20000000E+004  0.10000000E-012  0.79404018E-014  0.93999125E-017  0.68890099E+000  0.31100000E+000  0.99010339E-004  0.12986430E-010  0.63741091E-011  0.81659246E-018  0.15273745E-076
  0.63072000E+007  0.20000000E+004  0.10000000E-012  0.15880744E-013  0.18799827E-016  0.68880202E+000  0.31100000E+000  0.19798320E-003  0.25972769E-010  0.12748145E-010  0.16710025E-017  0.74637873E-076
  0.94608000E+007  0.20000000E+004  0.10000000E-012  0.23820898E-013  0.28199590E-016  0.68870308E+000  0.31100000E+000  0.29691848E-003  0.38958807E-010  0.19122008E-010  0.25630210E-017  0.23706526E-075
  0.12614400E+008  0.20000000E+004  0.10000000E-012  0.31760757E-013  0.37599074E-016  0.68860418E+000  0.31100000E+000  0.39581655E-003  0.51944365E-010  0.25495616E-010  0.34928288E-017  0.55241413E-075
  0.15768000E+008  0.20000000E+004  0.10000000E-012  0.39700197E-013  0.46998135E-016  0.68850532E+000  0.31100000E+000  0.49467652E-003  0.64929242E-010  0.31868875E-010  0.44601768E-017  0.10771834E-074
  0.18921600E+008  0.20000000E+004  0.10000000E-012  0.47639118E-013  0.56396655E-016  0.68840650E+000  0.31100000E+000  0.59349936E-003  0.77913274E-010  0.38241708E-010  0.54651518E-017  0.18574306E-074
  0.22075200E+008  0.20000000E+004  0.10000000E-012  0.55577401E-013  0.65794489E-016  0.68830772E+000  0.31100000E+000  0.69228452E-003  0.90896262E-010  0.44614022E-010  0.65077693E-017  0.29490171E-074
  0.25228800E+008  0.20000000E+004  0.10000000E-012  0.63514938E-013  0.75191512E-016  0.68820897E+000  0.31100000E+000  0.79103228E-003  0.10387803E-009  0.50985735E-010  0.75880390E-017  0.44012545E-074
  0.28382400E+008  0.20000000E+004  0.10000000E-012  0.71451615E-013  0.84587589E-016  0.68811026E+000  0.31100000E+000  0.88974254E-003  0.11685839E-009  0.57356760E-010  0.87059161E-017  0.62672749E-074
  0.31536000E+008  0.20000000E+004  0.10000000E-012  0.79387318E-013  0.93982585E-016  0.68801158E+000  0.31100000E+000  0.98841526E-003  0.12983716E-009  0.63727009E-010  0.98614050E-017  0.85994724E-074
 
  0.00000000E+000  0.22000000E+004  0.10000000E-012  0.00000000E+000  0.00000000E+000  0.68900000E+000  0.31100000E+000  0.00000000E+000  0.00000000E+000  0.00000000E+000  0.00000000E+000  0.00000000E+000
  0.31536000E+007  0.22000000E+004  0.10000000E-012  0.79404110E-014  0.10237944E-016  0.68890408E+000  0.31100000E+000  0.95921544E-004  0.12986445E-010  0.63741165E-011  0.99655107E-018  0.11538519E-076
  0.63072000E+007  0.22000000E+004  0.10000000E-012  0.15880759E-013  0.20476279E-016  0.68880819E+000  0.31100000E+000  0.19180635E-003  0.25972794E-010  0.12748158E-010  0.20901278E-017  0.70512472E-076
  0.94608000E+007  0.22000000E+004  0.10000000E-012  0.23820935E-013  0.30714864E-016  0.68871235E+000  0.31100000E+000  0.28765433E-003  0.38958867E-010  0.19122041E-010  0.32809352E-017  0.23082979E-075
  0.12614400E+008  0.22000000E+004  0.10000000E-012  0.31760832E-013  0.40953563E-016  0.68861653E+000  0.31100000E+000  0.38346522E-003  0.51944489E-010  0.25495683E-010  0.45684815E-017  0.54407602E-075
  0.15768000E+008  0.22000000E+004  0.10000000E-012  0.39700348E-013  0.51192239E-016  0.68852076E+000  0.31100000E+000  0.47923891E-003  0.64929489E-010  0.31869005E-010  0.59528007E-017  0.10612272E-074
  0.18921600E+008  0.22000000E+004  0.10000000E-012  0.47639388E-013  0.61430776E-016  0.68842502E+000  0.31100000E+000  0.57497610E-003  0.77913715E-010  0.38241936E-010  0.74340633E-017  0.18276289E-074
  0.22075200E+008  0.22000000E+004  0.10000000E-012  0.55577826E-013  0.71669010E-016  0.68832932E+000  0.31100000E+000  0.67067504E-003  0.90896958E-010  0.44614378E-010  0.90125698E-017  0.29058992E-074
  0.25228800E+008  0.22000000E+004  0.10000000E-012  0.63515568E-013  0.81906813E-016  0.68823366E+000  0.31100000E+000  0.76633630E-003  0.10387906E-009  0.50986258E-010  0.10687012E-016  0.43428287E-074
  0.28382400E+008  0.22000000E+004  0.10000000E-012  0.71452533E-013  0.92144089E-016  0.68813804E+000  0.31100000E+000  0.86196093E-003  0.11685989E-009  0.57357516E-010  0.12458844E-016  0.61764823E-074
  0.31536000E+008  0.22000000E+004  0.10000000E-012  0.79388560E-013  0.10238062E-015  0.68804245E+000  0.31100000E+000  0.95754624E-003  0.12983919E-009  0.63728025E-010  0.14326646E-016  0.84880078E-074
 
  0.00000000E+000  0.24000000E+004  0.10000000E-012  0.00000000E+000  0.00000000E+000  0.68900000E+000  0.31100000E+000  0.00000000E+000  0.00000000E+000  0.00000000E+000  0.00000000E+000  0.00000000E+000
  0.31536000E+007  0.24000000E+004  0.10000000E-012  0.79404140E-014  0.11012482E-016  0.68890681E+000  0.31100000E+000  0.93188412E-004  0.12986457E-010  0.63741197E-011  0.12138978E-017  0.10011369E-076
  0.63072000E+007  0.24000000E+004  0.10000000E-012  0.15880765E-013  0.22027093E-016  0.68881368E+000  0.31100000E+000  0.18632483E-003  0.25972811E-010  0.12748165E-010  0.26402074E-017  0.69956004E-076
  0.94608000E+007  0.24000000E+004  0.10000000E-012  0.23820955E-013  0.33043697E-016  0.68872059E+000  0.31100000E+000  0.27940842E-003  0.38958908E-010  0.19122061E-010  0.42788164E-017  0.23024020E-075
  0.12614400E+008  0.24000000E+004  0.10000000E-012  0.31760885E-013  0.44062155E-016  0.68862756E+000  0.31100000E+000  0.37243801E-003  0.51944583E-010  0.25495732E-010  0.61296057E-017  0.54209433E-075
  0.15768000E+008  0.24000000E+004  0.10000000E-012  0.39700456E-013  0.55082330E-016  0.68853459E+000  0.31100000E+000  0.46541277E-003  0.64929674E-010  0.31869102E-010  0.81924856E-017  0.10567053E-074
  0.18921600E+008  0.24000000E+004  0.10000000E-012  0.47639570E-013  0.66104086E-016  0.68844167E+000  0.31100000E+000  0.55833170E-003  0.77914020E-010  0.38242094E-010  0.10467666E-016  0.18253213E-074
  0.22075200E+008  0.24000000E+004  0.10000000E-012  0.55578126E-013  0.77127272E-016  0.68834881E+000  0.31100000E+000  0.65119381E-003  0.90897455E-010  0.44614633E-010  0.12953901E-016  0.28993885E-074
  0.25228800E+008  0.24000000E+004  0.10000000E-012  0.63516023E-013  0.88151752E-016  0.68825600E+000  0.31100000E+000  0.74399784E-003  0.10387981E-009  0.50986640E-010  0.15651604E-016  0.43321927E-074
  0.28382400E+008  0.24000000E+004  0.10000000E-012  0.71453167E-013  0.99177397E-016  0.68816326E+000  0.31100000E+000  0.83674336E-003  0.11686094E-009  0.57358044E-010  0.18560961E-016  0.61719260E-074
  0.31536000E+008  0.24000000E+004  0.10000000E-012  0.79389458E-013  0.11020406E-015  0.68807057E+000  0.31100000E+000  0.92942931E-003  0.12984067E-009  0.63728767E-010  0.21681327E-016  0.84705452E-074
 
  0.00000000E+000  0.26000000E+004  0.10000000E-012  0.00000000E+000  0.00000000E+000  0.68900000E+000  0.31100000E+000  0.00000000E+000  0.00000000E+000  0.00000000E+000  0.00000000E+000  0.00000000E+000
  0.31536000E+007  0.26000000E+004  0.10000000E-012  0.79404105E-014  0.11723938E-016  0.68890929E+000  0.31100000E+000  0.90710336E-004  0.12986471E-010  0.63741186E-011  0.14813999E-017  0.11299414E-076
  0.63072000E+007  0.26000000E+004  0.10000000E-012  0.15880767E-013  0.23455826E-016  0.68881873E+000  0.31100000E+000  0.18127223E-003  0.25972835E-010  0.12748170E-010  0.33734202E-017  0.70255125E-076
  0.94608000E+007  0.26000000E+004  0.10000000E-012  0.23820971E-013  0.35195499E-016  0.68872832E+000  0.31100000E+000  0.27168107E-003  0.38958953E-010  0.19122079E-010  0.56751391E-017  0.22989796E-075
  0.12614400E+008  0.26000000E+004  0.10000000E-012  0.31760927E-013  0.46942798E-016  0.68863807E+000  0.31100000E+000  0.36193240E-003  0.51944671E-010  0.25495773E-010  0.83855936E-017  0.54150616E-075
  0.15768000E+008  0.26000000E+004  0.10000000E-012  0.39700545E-013  0.58697574E-016  0.68854798E+000  0.31100000E+000  0.45202255E-003  0.64929838E-010  0.31869183E-010  0.11503911E-016  0.10546144E-074
  0.18921600E+008  0.26000000E+004  0.10000000E-012  0.47639728E-013  0.70459665E-016  0.68845805E+000  0.31100000E+000  0.54194627E-003  0.77914297E-010  0.38242234E-010  0.15029132E-016  0.18216377E-074
  0.22075200E+008  0.26000000E+004  0.10000000E-012  0.55578381E-013  0.82228888E-016  0.68836830E+000  0.31100000E+000  0.63169883E-003  0.90897889E-010  0.44614853E-010  0.18959088E-016  0.28948359E-074
  0.25228800E+008  0.26000000E+004  0.10000000E-012  0.63516423E-013  0.94005130E-016  0.68827872E+000  0.31100000E+000  0.72128007E-003  0.10388048E-009  0.50986980E-010  0.23294045E-016  0.43172453E-074
  0.28382400E+008  0.26000000E+004  0.10000000E-012  0.71453740E-013  0.10578821E-015  0.68818932E+000  0.31100000E+000  0.81068006E-003  0.11686189E-009  0.57358526E-010  0.28033096E-016  0.61514803E-074
  0.31536000E+008  0.26000000E+004  0.10000000E-012  0.79390246E-013  0.11757791E-015  0.68810010E+000  0.31100000E+000  0.89989661E-003  0.12984197E-009  0.63729425E-010  0.33172538E-016  0.84452324E-074
 
  0.00000000E+000  0.28000000E+004  0.10000000E-012  0.00000000E+000  0.00000000E+000  0.68900000E+000  0.31100000E+000  0.00000000E+000  0.00000000E+000  0.00000000E+000  0.00000000E+000  0.00000000E+000
  0.31536000E+007  0.28000000E+004  0.10000000E-012  0.79404170E-014  0.12375827E-016  0.68891169E+000  0.31100000E+000  0.88314635E-004  0.12986454E-010  0.63741233E-011  0.18123294E-017  0.84193774E-077
  0.63072000E+007  0.28000000E+004  0.10000000E-012  0.15880774E-013  0.24775189E-016  0.68882394E+000  0.31100000E+000  0.17605579E-003  0.25972819E-010  0.12748176E-010  0.43411722E-017  0.68856123E-076
  0.94608000E+007  0.28000000E+004  0.10000000E-012  0.23820988E-013  0.37197737E-016  0.68873679E+000  0.31100000E+000  0.26321146E-003  0.38958955E-010  0.19122096E-010  0.75798522E-017  0.22839960E-075
  0.12614400E+008  0.28000000E+004  0.10000000E-012  0.31760967E-013  0.49643078E-016  0.68865023E+000  0.31100000E+000  0.34976816E-003  0.51944709E-010  0.25495811E-010  0.11520812E-016  0.53960441E-075
  0.15768000E+008  0.28000000E+004  0.10000000E-012  0.39700622E-013  0.62110868E-016  0.68856429E+000  0.31100000E+000  0.43571340E-003  0.64929936E-010  0.31869254E-010  0.16157747E-016  0.10527378E-074
  0.18921600E+008  0.28000000E+004  0.10000000E-012  0.47639861E-013  0.74600632E-016  0.68847897E+000  0.31100000E+000  0.52103294E-003  0.77914484E-010  0.38242353E-010  0.21480638E-016  0.18205825E-074
  0.22075200E+008  0.28000000E+004  0.10000000E-012  0.55578597E-013  0.87112061E-016  0.68839428E+000  0.31100000E+000  0.60571808E-003  0.90898210E-010  0.44615045E-010  0.27484189E-016  0.28918916E-074
  0.25228800E+008  0.28000000E+004  0.10000000E-012  0.63516740E-013  0.99644754E-016  0.68831024E+000  0.31100000E+000  0.68975821E-003  0.10388097E-009  0.50987259E-010  0.34160407E-016  0.43175623E-074
  0.28382400E+008  0.28000000E+004  0.10000000E-012  0.71454199E-013  0.11219820E-015  0.68822686E+000  0.31100000E+000  0.77314009E-003  0.11686260E-009  0.57358926E-010  0.41498235E-016  0.61504614E-074
  0.31536000E+008  0.28000000E+004  0.10000000E-012  0.79390880E-013  0.12477203E-015  0.68814415E+000  0.31100000E+000  0.85585189E-003  0.12984297E-009  0.63729975E-010  0.49490558E-016  0.84430697E-074
 
  0.00000000E+000  0.30000000E+004  0.10000000E-012  0.00000000E+000  0.00000000E+000  0.68900000E+000  0.31100000E+000  0.00000000E+000  0.00000000E+000  0.00000000E+000  0.00000000E+000  0.00000000E+000
  0.31536000E+007  0.30000000E+004  0.10000000E-012  0.79404168E-014  0.12974841E-016  0.68891441E+000  0.31100000E+000  0.85590218E-004  0.12986463E-010  0.63741238E-011  0.22165487E-017  0.84015087E-077
  0.63072000E+007  0.30000000E+004  0.10000000E-012  0.15880778E-013  0.26007711E-016  0.68883087E+000  0.31100000E+000  0.16913080E-003  0.25972835E-010  0.12748182E-010  0.55688590E-017  0.67601778E-076
  0.94608000E+007  0.30000000E+004  0.10000000E-012  0.23821000E-013  0.39096344E-016  0.68874938E+000  0.31100000E+000  0.25062060E-003  0.38958981E-010  0.19122110E-010  0.10015399E-016  0.22785371E-075
  0.12614400E+008  0.30000000E+004  0.10000000E-012  0.31760996E-013  0.52238507E-016  0.68866994E+000  0.31100000E+000  0.33006452E-003  0.51944762E-010  0.25495843E-010  0.15515164E-016  0.53891090E-075
  0.15768000E+008  0.30000000E+004  0.10000000E-012  0.39700679E-013  0.65431927E-016  0.68859253E+000  0.31100000E+000  0.40746622E-003  0.64930034E-010  0.31869315E-010  0.22026521E-016  0.10520387E-074
  0.18921600E+008  0.30000000E+004  0.10000000E-012  0.47639965E-013  0.78674376E-016  0.68851716E+000  0.31100000E+000  0.48283831E-003  0.77914656E-010  0.38242462E-010  0.29508631E-016  0.18180691E-074
  0.22075200E+008  0.30000000E+004  0.10000000E-012  0.55578764E-013  0.91963598E-016  0.68844381E+000  0.31100000E+000  0.55619220E-003  0.90898483E-010  0.44615216E-010  0.37920213E-016  0.28883779E-074
  0.25228800E+008  0.30000000E+004  0.10000000E-012  0.63516990E-013  0.10529749E-015  0.68837246E+000  0.31100000E+000  0.62753911E-003  0.10388137E-009  0.50987512E-010  0.47222882E-016  0.43147141E-074
  0.28382400E+008  0.30000000E+004  0.10000000E-012  0.71454555E-013  0.11867372E-015  0.68830310E+000  0.31100000E+000  0.69689836E-003  0.11686318E-009  0.57359283E-010  0.57373957E-016  0.61484429E-074
  0.31536000E+008  0.30000000E+004  0.10000000E-012  0.79391372E-013  0.13209030E-015  0.68823571E+000  0.31100000E+000  0.76429227E-003  0.12984376E-009  0.63730463E-010  0.68337097E-016  0.84406233E-074
 
  0.00000000E+000  0.32000000E+004  0.10000000E-012  0.00000000E+000  0.00000000E+000  0.68900000E+000  0.31100000E+000  0.00000000E+000  0.00000000E+000  0.00000000E+000  0.00000000E+000  0.00000000E+000
  0.31536000E+007  0.32000000E+004  0.10000000E-012  0.79404163E-014  0.13530064E-016  0.68891841E+000  0.31100000E+000  0.81587537E-004  0.12986478E-010  0.63741242E-011  0.26901543E-017  0.87705482E-077
  0.63072000E+007  0.32000000E+004  0.10000000E-012  0.15880779E-013  0.27178861E-016  0.68884302E+000  0.31100000E+000  0.15698381E-003  0.25972852E-010  0.12748186E-010  0.69806485E-017  0.70473820E-076
  0.94608000E+007  0.32000000E+004  0.10000000E-012  0.23821006E-013  0.40932519E-016  0.68877345E+000  0.31100000E+000  0.22654707E-003  0.38959005E-010  0.19122123E-010  0.12686515E-016  0.23755056E-075
  0.12614400E+008  0.32000000E+004  0.10000000E-012  0.31761007E-013  0.54778320E-016  0.68870933E+000  0.31100000E+000  0.29067271E-003  0.51944792E-010  0.25495869E-010  0.19638472E-016  0.56588684E-075
  0.15768000E+008  0.32000000E+004  0.10000000E-012  0.39700706E-013  0.68704451E-016  0.68865036E+000  0.31100000E+000  0.34964156E-003  0.64930086E-010  0.31869368E-010  0.27679156E-016  0.11038036E-074
  0.18921600E+008  0.32000000E+004  0.10000000E-012  0.47640015E-013  0.82700302E-016  0.68859617E+000  0.31100000E+000  0.40383124E-003  0.77914743E-010  0.38242553E-010  0.36667663E-016  0.19072274E-074
  0.22075200E+008  0.32000000E+004  0.10000000E-012  0.55578848E-013  0.96756374E-016  0.68854644E+000  0.31100000E+000  0.45356030E-003  0.90898619E-010  0.44615360E-010  0.46478014E-016  0.30307483E-074
  0.25228800E+008  0.32000000E+004  0.10000000E-012  0.63517121E-013  0.11086376E-015  0.68850084E+000  0.31100000E+000  0.49915818E-003  0.10388158E-009  0.50987726E-010  0.56992144E-016  0.45277948E-074
  0.28382400E+008  0.32000000E+004  0.10000000E-012  0.71454747E-013  0.12501473E-015  0.68845907E+000  0.31100000E+000  0.54092686E-003  0.11686347E-009  0.57359587E-010  0.68107801E-016  0.64526543E-074
  0.31536000E+008  0.32000000E+004  0.10000000E-012  0.79391640E-013  0.13920198E-015  0.68842085E+000  0.31100000E+000  0.57914523E-003  0.12984416E-009  0.63730877E-010  0.79728819E-016  0.88613657E-074
 
  0.00000000E+000  0.34000000E+004  0.10000000E-012  0.00000000E+000  0.00000000E+000  0.68900000E+000  0.31100000E+000  0.00000000E+000  0.00000000E+000  0.00000000E+000  0.00000000E+000  0.00000000E+000
  0.31536000E+007  0.34000000E+004  0.10000000E-012  0.79404167E-014  0.14048407E-016  0.68892550E+000  0.31100000E+000  0.74495948E-004  0.12986429E-010  0.63741246E-011  0.31905490E-017  0.58946155E-075
  0.63072000E+007  0.34000000E+004  0.10000000E-012  0.15880778E-013  0.28287241E-016  0.68886608E+000  0.31100000E+000  0.13392374E-003  0.25972799E-010  0.12748189E-010  0.82489975E-017  0.47318875E-074
  0.94608000E+007  0.34000000E+004  0.10000000E-012  0.23821001E-013  0.42657878E-016  0.68881883E+000  0.31100000E+000  0.18117118E-003  0.38958945E-010  0.19122133E-010  0.14601979E-016  0.15965148E-073
  0.12614400E+008  0.34000000E+004  0.10000000E-012  0.31761003E-013  0.57116926E-016  0.68878137E+000  0.31100000E+000  0.21863399E-003  0.51944729E-010  0.25495897E-010  0.21825489E-016  0.37855579E-073
  0.15768000E+008  0.34000000E+004  0.10000000E-012  0.39700700E-013  0.71632920E-016  0.68875172E+000  0.31100000E+000  0.24828475E-003  0.64930015E-010  0.31869419E-010  0.29612453E-016  0.74009920E-073
  0.18921600E+008  0.34000000E+004  0.10000000E-012  0.47640010E-013  0.86183647E-016  0.68872828E+000  0.31100000E+000  0.27171824E-003  0.77914665E-010  0.38242638E-010  0.37746513E-016  0.12805281E-072
  0.22075200E+008  0.34000000E+004  0.10000000E-012  0.55578849E-013  0.10075307E-015  0.68870979E+000  0.31100000E+000  0.29021425E-003  0.90898542E-010  0.44615492E-010  0.46071820E-016  0.20363166E-072
  0.25228800E+008  0.34000000E+004  0.10000000E-012  0.63517146E-013  0.11533144E-015  0.68869514E+000  0.31100000E+000  0.30486070E-003  0.10388153E-009  0.50987927E-010  0.54494100E-016  0.30390289E-072
  0.28382400E+008  0.34000000E+004  0.10000000E-012  0.71454801E-013  0.12991041E-015  0.68868363E+000  0.31100000E+000  0.31637185E-003  0.11686346E-009  0.57359868E-010  0.62933009E-016  0.43330290E-072
  0.31536000E+008  0.34000000E+004  0.10000000E-012  0.79391737E-013  0.14448588E-015  0.68867456E+000  0.31100000E+000  0.32544483E-003  0.12984421E-009  0.63731259E-010  0.71349834E-016  0.59520894E-072
 
  0.00000000E+000  0.36000000E+004  0.10000000E-012  0.00000000E+000  0.00000000E+000  0.68900000E+000  0.31100000E+000  0.00000000E+000  0.00000000E+000  0.00000000E+000  0.00000000E+000  0.00000000E+000
  0.31536000E+007  0.36000000E+004  0.10000000E-012  0.79404135E-014  0.14522987E-016  0.68893796E+000  0.31100000E+000  0.62043002E-004  0.12986357E-010  0.63741250E-011  0.36022853E-017  0.41031906E-072
  0.63072000E+007  0.36000000E+004  0.10000000E-012  0.15880769E-013  0.29253170E-016  0.68890322E+000  0.31100000E+000  0.96780489E-004  0.25972716E-010  0.12748192E-010  0.87522740E-017  0.32859788E-071
  0.94608000E+007  0.36000000E+004  0.10000000E-012  0.23820982E-013  0.44053013E-016  0.68888382E+000  0.31100000E+000  0.11617794E-003  0.38958843E-010  0.19122143E-010  0.14424253E-016  0.11111570E-070
  0.12614400E+008  0.36000000E+004  0.10000000E-012  0.31760972E-013  0.58865471E-016  0.68887303E+000  0.31100000E+000  0.12697301E-003  0.51944603E-010  0.25495919E-010  0.20193369E-016  0.26373899E-070
  0.15768000E+008  0.36000000E+004  0.10000000E-012  0.39700662E-013  0.73670887E-016  0.68886699E+000  0.31100000E+000  0.13300816E-003  0.64929871E-010  0.31869465E-010  0.25913846E-016  0.51466550E-070
  0.18921600E+008  0.36000000E+004  0.10000000E-012  0.47639975E-013  0.88463540E-016  0.68886364E+000  0.31100000E+000  0.13635591E-003  0.77914519E-010  0.38242721E-010  0.31544020E-016  0.88898433E-070
  0.22075200E+008  0.36000000E+004  0.10000000E-012  0.55578831E-013  0.10324402E-015  0.68886179E+000  0.31100000E+000  0.13820520E-003  0.90898415E-010  0.44615627E-010  0.37089335E-016  0.14122181E-069
  0.25228800E+008  0.36000000E+004  0.10000000E-012  0.63517136E-013  0.11801459E-015  0.68886078E+000  0.31100000E+000  0.13922257E-003  0.10388141E-009  0.50988112E-010  0.42567950E-016  0.21149268E-069
  0.28382400E+008  0.36000000E+004  0.10000000E-012  0.71454846E-013  0.13277854E-015  0.68886019E+000  0.31100000E+000  0.13980618E-003  0.11686342E-009  0.57360141E-010  0.48005003E-016  0.30114888E-069
  0.31536000E+008  0.36000000E+004  0.10000000E-012  0.79391780E-013  0.14753643E-015  0.68885988E+000  0.31100000E+000  0.14011754E-003  0.12984415E-009  0.63731578E-010  0.53406979E-016  0.41601562E-069
 
  0.00000000E+000  0.38000000E+004  0.10000000E-012  0.00000000E+000  0.00000000E+000  0.68900000E+000  0.31100000E+000  0.00000000E+000  0.00000000E+000  0.00000000E+000  0.00000000E+000  0.00000000E+000
  0.31536000E+007  0.38000000E+004  0.10000000E-012  0.79404128E-014  0.14922813E-016  0.68895597E+000  0.31100000E+000  0.44029747E-004  0.12986436E-010  0.63741253E-011  0.37655012E-017  0.15707270E-069
  0.63072000E+007  0.38000000E+004  0.10000000E-012  0.15880760E-013  0.29962942E-016  0.68894455E+000  0.31100000E+000  0.55456330E-004  0.25972781E-010  0.12748195E-010  0.82242831E-017  0.12596729E-068
  0.94608000E+007  0.38000000E+004  0.10000000E-012  0.23820964E-013  0.44989556E-016  0.68894161E+000  0.31100000E+000  0.58386902E-004  0.38958889E-010  0.19122152E-010  0.12604800E-016  0.42491397E-068
  0.12614400E+008  0.38000000E+004  0.10000000E-012  0.31760948E-013  0.60000929E-016  0.68894087E+000  0.31100000E+000  0.59134003E-004  0.51944636E-010  0.25495941E-010  0.16897668E-016  0.10078256E-067
  0.15768000E+008  0.38000000E+004  0.10000000E-012  0.39700628E-013  0.75005050E-016  0.68894067E+000  0.31100000E+000  0.59328808E-004  0.64929884E-010  0.31869498E-010  0.21150954E-016  0.19832880E-067
  0.18921600E+008  0.38000000E+004  0.10000000E-012  0.47639845E-013  0.90005930E-016  0.68894063E+000  0.31100000E+000  0.59376033E-004  0.77914369E-010  0.38242700E-010  0.25390018E-016  0.35558667E-067
  0.22075200E+008  0.38000000E+004  0.10000000E-012  0.55578498E-013  0.10500509E-015  0.68894061E+000  0.31100000E+000  0.59395001E-004  0.90897927E-010  0.44615472E-010  0.29624891E-016  0.58560789E-067
  0.25228800E+008  0.38000000E+004  0.10000000E-012  0.63516722E-013  0.12000328E-015  0.68894060E+000  0.31100000E+000  0.59405526E-004  0.10388078E-009  0.50987915E-010  0.33858673E-016  0.87100115E-067
  0.28382400E+008  0.38000000E+004  0.10000000E-012  0.71454167E-013  0.13499995E-015  0.68894059E+000  0.31100000E+000  0.59412104E-004  0.11686235E-009  0.57359763E-010  0.38091681E-016  0.12567669E-066
  0.31536000E+008  0.38000000E+004  0.10000000E-012  0.79391060E-013  0.14999557E-015  0.68894058E+000  0.31100000E+000  0.59417666E-004  0.12984301E-009  0.63731189E-010  0.42324368E-016  0.17137508E-066
 
  0.00000000E+000  0.40000000E+004  0.10000000E-012  0.00000000E+000  0.00000000E+000  0.68900000E+000  0.31100000E+000  0.00000000E+000  0.00000000E+000  0.00000000E+000  0.00000000E+000  0.00000000E+000
  0.31536000E+007  0.40000000E+004  0.10000000E-012  0.79404089E-014  0.15220446E-016  0.68897437E+000  0.31100000E+000  0.25630815E-004  0.12986451E-010  0.63741256E-011  0.36672763E-017  0.35457372E-067
  0.63072000E+007  0.40000000E+004  0.10000000E-012  0.15880751E-013  0.30463985E-016  0.68897298E+000  0.31100000E+000  0.27019185E-004  0.25972786E-010  0.12748197E-010  0.74463190E-017  0.28371973E-066
  0.94608000E+007  0.40000000E+004  0.10000000E-012  0.23820951E-013  0.45697585E-016  0.68897290E+000  0.31100000E+000  0.27099644E-004  0.38958886E-010  0.19122159E-010  0.11178757E-016  0.96281825E-066
  0.12614400E+008  0.40000000E+004  0.10000000E-012  0.31760807E-013  0.60929463E-016  0.68897289E+000  0.31100000E+000  0.27105276E-004  0.51944422E-010  0.25495858E-010  0.14905915E-016  0.26778292E-065
  0.15768000E+008  0.40000000E+004  0.10000000E-012  0.39700088E-013  0.76160169E-016  0.68897289E+000  0.31100000E+000  0.27108098E-004  0.64929012E-010  0.31869117E-010  0.18632465E-016  0.61248042E-065
  0.18921600E+008  0.40000000E+004  0.10000000E-012  0.47639348E-013  0.91390848E-016  0.68897289E+000  0.31100000E+000  0.27110442E-004  0.77913567E-010  0.38242359E-010  0.22359071E-016  0.96357363E-065
  0.22075200E+008  0.40000000E+004  0.10000000E-012  0.55578074E-013  0.10662055E-015  0.68897289E+000  0.31100000E+000  0.27112660E-004  0.90897243E-010  0.44615193E-010  0.26085659E-016  0.14756587E-064
  0.25228800E+008  0.40000000E+004  0.10000000E-012  0.63516364E-013  0.12184945E-015  0.68897288E+000  0.31100000E+000  0.27114862E-004  0.10388020E-009  0.50987693E-010  0.29812205E-016  0.21186969E-064
  0.28382400E+008  0.40000000E+004  0.10000000E-012  0.71453881E-013  0.13707691E-015  0.68897288E+000  0.31100000E+000  0.27117059E-004  0.11686189E-009  0.57359601E-010  0.33538584E-016  0.29947786E-064
  0.31536000E+008  0.40000000E+004  0.10000000E-012  0.79390311E-013  0.15230233E-015  0.68897288E+000  0.31100000E+000  0.27119255E-004  0.12984179E-009  0.63730679E-010  0.37264662E-016  0.41975108E-064
 
  0.00000000E+000  0.42000000E+004  0.10000000E-012  0.00000000E+000  0.00000000E+000  0.68900000E+000  0.31100000E+000  0.00000000E+000  0.00000000E+000  0.00000000E+000  0.00000000E+000  0.00000000E+000
  0.31536000E+007  0.42000000E+004  0.10000000E-012  0.79404080E-014  0.15442122E-016  0.68898679E+000  0.31100000E+000  0.13209694E-004  0.12986452E-010  0.63741258E-011  0.35341931E-017  0.50575075E-065
  0.63072000E+007  0.42000000E+004  0.10000000E-012  0.15880750E-013  0.30885080E-016  0.68898675E+000  0.31100000E+000  0.13249533E-004  0.25972787E-010  0.12748199E-010  0.70722401E-017  0.40550136E-064
  0.94608000E+007  0.42000000E+004  0.10000000E-012  0.23820890E-013  0.46327205E-016  0.68898675E+000  0.31100000E+000  0.13251483E-004  0.38958789E-010  0.19122114E-010  0.10608431E-016  0.16751629E-063
  0.12614400E+008  0.42000000E+004  0.10000000E-012  0.31760611E-013  0.61768537E-016  0.68898675E+000  0.31100000E+000  0.13252653E-004  0.51944103E-010  0.25495707E-010  0.14144511E-016  0.48107091E-063
  0.15768000E+008  0.42000000E+004  0.10000000E-012  0.39700234E-013  0.77209702E-016  0.68898675E+000  0.31100000E+000  0.13253756E-004  0.64929258E-010  0.31869225E-010  0.17680641E-016  0.83853348E-063
  0.18921600E+008  0.42000000E+004  0.10000000E-012  0.47639512E-013  0.92650230E-016  0.68898675E+000  0.31100000E+000  0.13254854E-004  0.77913842E-010  0.38242475E-010  0.21216768E-016  0.13503767E-062
  0.22075200E+008  0.42000000E+004  0.10000000E-012  0.55578291E-013  0.10808982E-015  0.68898675E+000  0.31100000E+000  0.13255953E-004  0.90897609E-010  0.44615343E-010  0.24752785E-016  0.20838084E-062
  0.25228800E+008  0.42000000E+004  0.10000000E-012  0.63516475E-013  0.12352828E-015  0.68898675E+000  0.31100000E+000  0.13257051E-004  0.10388040E-009  0.50987754E-010  0.28288670E-016  0.30817733E-062
  0.28382400E+008  0.42000000E+004  0.10000000E-012  0.71453796E-013  0.13896510E-015  0.68898675E+000  0.31100000E+000  0.13258149E-004  0.11686177E-009  0.57359502E-010  0.31824273E-016  0.44633288E-062
  0.31536000E+008  0.42000000E+004  0.10000000E-012  0.79390585E-013  0.15440089E-015  0.68898674E+000  0.31100000E+000  0.13259247E-004  0.12984226E-009  0.63730841E-010  0.35359724E-016  0.60815066E-062
 
  0.00000000E+000  0.44000000E+004  0.10000000E-012  0.00000000E+000  0.00000000E+000  0.68900000E+000  0.31100000E+000  0.00000000E+000  0.00000000E+000  0.00000000E+000  0.00000000E+000  0.00000000E+000
  0.31536000E+007  0.44000000E+004  0.10000000E-012  0.79404104E-014  0.15627296E-016  0.68899312E+000  0.31100000E+000  0.68825754E-005  0.12986453E-010  0.63741261E-011  0.35152393E-017  0.48377493E-063
  0.63072000E+007  0.44000000E+004  0.10000000E-012  0.15880635E-013  0.31254248E-016  0.68899312E+000  0.31100000E+000  0.68833108E-005  0.25972598E-010  0.12748096E-010  0.70304696E-017  0.98271640E-062
  0.94608000E+007  0.44000000E+004  0.10000000E-012  0.23820809E-013  0.46881114E-016  0.68899312E+000  0.31100000E+000  0.68838947E-005  0.38958662E-010  0.19122023E-010  0.10545723E-016  0.21647323E-061
  0.12614400E+008  0.44000000E+004  0.10000000E-012  0.31760777E-013  0.62507601E-016  0.68899312E+000  0.31100000E+000  0.68844760E-005  0.51944386E-010  0.25495784E-010  0.14060979E-016  0.42927407E-061
  0.15768000E+008  0.44000000E+004  0.10000000E-012  0.39700449E-013  0.78133527E-016  0.68899312E+000  0.31100000E+000  0.68850573E-005  0.64929627E-010  0.31869311E-010  0.17576178E-016  0.77541591E-061
  0.18921600E+008  0.44000000E+004  0.10000000E-012  0.47639456E-013  0.93758177E-016  0.68899312E+000  0.31100000E+000  0.68856385E-005  0.77913779E-010  0.38242316E-010  0.21091191E-016  0.14183176E-060
